0.000000000E0 6.000000000E1
3.345310881E-2 6.000000000E1
6.690621762E-2 6.000000000E1
1.003593264E-1 -8.903679443E1
1.338124352E-1 -8.787398678E1
1.672655440E-1 -8.868769927E1
2.007186528E-1 -8.750321261E1
2.341717617E-1 -8.181299218E1
2.676248705E-1 -8.100947945E1
3.010779793E-1 -8.201019001E1
3.345310881E-1 -8.228149818E1
3.679841969E-1 -8.031510824E1
4.014373057E-1 -7.825673648E1
4.348904145E-1 -7.890860859E1
4.683435233E-1 -7.883360811E1
5.017966321E-1 -7.730733445E1
5.352497409E-1 -7.649425785E1
5.687028497E-1 -7.553115296E1
6.021559585E-1 -7.576156116E1
6.356090674E-1 -7.337284130E1
6.690621762E-1 -7.456946671E1
7.025152850E-1 -7.154319924E1
7.359683938E-1 -6.775383769E1
7.694215026E-1 -6.657548617E1
8.028746114E-1 -6.496985123E1
8.363277202E-1 -6.242764164E1
8.697808290E-1 -6.091623032E1
9.032339378E-1 -5.987730157E1
9.366870466E-1 -6.081012871E1
9.701401554E-1 -6.185426661E1
1.003593264E0 -6.505512377E1
1.037046373E0 -6.725778839E1
1.070499482E0 -6.936847116E1
1.103952591E0 -7.443071177E1
1.137405699E0 -6.998517843E1
1.170858808E0 -6.544089049E1
1.204311917E0 -6.704858453E1
1.237765026E0 -6.895283314E1
1.271218135E0 -7.016199961E1
1.304671244E0 -7.154518917E1
1.338124352E0 -7.332560705E1
1.371577461E0 -7.581728149E1
1.405030570E0 -7.984503004E1
1.438483679E0 -8.169754016E1
1.471936788E0 -8.568567560E1
1.505389896E0 -8.975860657E1
1.538843005E0 -9.135440462E1
1.572296114E0 -9.542713581E1
1.605749223E0 -9.702262420E1
1.639202332E0 -9.782242169E1
1.672655440E0 -9.833078728E1
1.706108549E0 -9.833078728E1
1.739561658E0 -1.003048465E2
1.773014767E0 -9.946232221E1
1.806467876E0 -9.957878675E1
1.839920984E0 -9.794347181E1
1.873374093E0 -9.849956752E1
1.906827202E0 -9.586017600E1
1.940280311E0 -9.667633161E1
1.973733420E0 -9.664330957E1
2.007186528E0 -9.452483785E1
2.040639637E0 -9.003213448E1
2.074092746E0 -9.134232651E1
2.107545855E0 -9.054027463E1
2.140998964E0 -8.712746293E1
2.174452073E0 -8.554894624E1
2.207905181E0 -8.494166532E1
2.241358290E0 -8.465443463E1
2.274811399E0 -8.324580589E1
2.308264508E0 -8.268566413E1
2.341717617E0 -8.161763387E1
2.375170725E0 -8.030785239E1
2.408623834E0 -7.867449205E1
2.442076943E0 -7.752936465E1
2.475530052E0 -7.653970873E1
2.508983161E0 -7.427904047E1
2.542436269E0 -7.303441980E1
2.575889378E0 -7.248823676E1
2.609342487E0 -7.066022941E1
2.642795596E0 -7.285293957E1
2.676248705E0 -7.044259474E1
2.709701813E0 -6.661960367E1
2.743154922E0 -6.713329413E1
2.776608031E0 -6.339412686E1
2.810061140E0 -6.253079463E1
2.843514249E0 -6.027367343E1
2.876967358E0 -5.961086564E1
2.910420466E0 -5.835236204E1
2.943873575E0 -5.844575560E1
2.977326684E0 -5.915074449E1
3.010779793E0 -6.028824847E1
3.044232902E0 -6.212499997E1
3.077686010E0 -6.644584493E1
3.111139119E0 -6.942484878E1
3.144592228E0 -6.611400514E1
3.178045337E0 -6.507893175E1
3.211498446E0 -6.620353993E1
3.244951554E0 -6.540068697E1
3.278404663E0 -6.762923670E1
3.311857772E0 -6.919017908E1
3.345310881E0 -7.106057328E1
3.378763990E0 -7.219176023E1
3.412217098E0 -7.490850853E1
3.445670207E0 -7.759859274E1
3.479123316E0 -8.167717080E1
3.512576425E0 -8.557649185E1
3.546029534E0 -8.835494656E1
3.579482642E0 -9.061158212E1
3.612935751E0 -9.340364543E1
3.646388860E0 -9.504646660E1
3.679841969E0 -9.657930084E1
3.713295078E0 -9.736429425E1
3.746748187E0 -9.716913599E1
3.780201295E0 -9.751013932E1
3.813654404E0 -9.740043650E1
3.847107513E0 -9.762723922E1
3.880560622E0 -9.721782954E1
3.914013731E0 -9.715068163E1
3.947466839E0 -9.547486307E1
3.980919948E0 -9.401252430E1
4.014373057E0 -9.412781365E1
4.047826166E0 -9.076475102E1
4.081279275E0 -9.289318278E1
4.114732383E0 -9.242669919E1
4.148185492E0 -9.092156159E1
4.181638601E0 -8.771412922E1
4.215091710E0 -8.562699101E1
4.248544819E0 -8.342450084E1
4.281997927E0 -8.137348631E1
4.315451036E0 -8.110821598E1
4.348904145E0 -8.167720895E1
4.382357254E0 -8.021646626E1
4.415810363E0 -8.012279117E1
4.449263472E0 -7.821599708E1
4.482716580E0 -7.742480747E1
4.516169689E0 -7.673612827E1
4.549622798E0 -7.633251917E1
4.583075907E0 -7.671536695E1
4.616529016E0 -7.524660078E1
4.649982124E0 -7.530355151E1
4.683435233E0 -7.455266207E1
4.716888342E0 -7.211074324E1
4.750341451E0 -6.981264741E1
4.783794560E0 -6.698861670E1
4.817247668E0 -6.519917368E1
4.850700777E0 -6.322836239E1
4.884153886E0 -6.237187304E1
4.917606995E0 -6.214421592E1
4.951060104E0 -6.179124982E1
4.984513212E0 -6.185087394E1
5.017966321E0 -6.319311822E1
5.051419430E0 -6.318395943E1
5.084872539E0 -6.510012111E1
5.118325648E0 -7.084422297E1
5.151778756E0 -6.706495118E1
5.185231865E0 -6.569663828E1
5.218684974E0 -6.513889094E1
5.252138083E0 -6.542943478E1
5.285591192E0 -6.749898903E1
5.319044301E0 -6.842914152E1
5.352497409E0 -7.112423382E1
5.385950518E0 -7.234291990E1
5.419403627E0 -7.396918041E1
5.452856736E0 -7.659240711E1
5.486309845E0 -8.007070848E1
5.519762953E0 -8.515147321E1
5.553216062E0 -8.852157059E1
5.586669171E0 -9.121906784E1
5.620122280E0 -9.131830333E1
5.653575389E0 -9.298046115E1
5.687028497E0 -9.651858064E1
5.720481606E0 -9.629315286E1
5.753934715E0 -9.725032304E1
5.787387824E0 -9.832209591E1
5.820840933E0 -9.832209591E1
5.854294041E0 -9.819911547E1
5.887747150E0 -9.850445887E1
5.921200259E0 -9.833153519E1
5.954653368E0 -9.405873017E1
5.988106477E0 -9.045629156E1
6.021559585E0 -9.086152759E1
6.055012694E0 -9.261183856E1
6.088465803E0 -9.185461036E1
6.121918912E0 -9.276835554E1
6.155372021E0 -9.004551232E1
6.188825130E0 -8.768233256E1
6.222278238E0 -8.540165455E1
6.255731347E0 -8.365222353E1
6.289184456E0 -8.365222353E1
6.322637565E0 -8.262722661E1
6.356090674E0 -8.055652509E1
6.389543782E0 -7.764358397E1
6.422996891E0 -7.782877399E1
6.456450000E0 -7.798354848E1
6.489903109E0 -7.718846394E1
6.523356218E0 -7.728565864E1
6.556809326E0 -7.634872238E1
6.590262435E0 -7.737456939E1
6.623715544E0 -7.675787673E1
6.657168653E0 -7.439746198E1
6.690621762E0 -7.357565220E1
6.724074870E0 -7.318678465E1
6.757527979E0 -7.195100494E1
6.790981088E0 -6.858487618E1
6.824434197E0 -6.517987518E1
6.857887306E0 -6.412632008E1
6.891340415E0 -6.259027751E1
6.924793523E0 -6.194799659E1
6.958246632E0 -6.249359557E1
6.991699741E0 -6.323808700E1
7.025152850E0 -6.370421756E1
7.058605959E0 -6.509042413E1
7.092059067E0 -6.836964157E1
7.125512176E0 -7.294591103E1
7.158965285E0 -6.878657349E1
7.192418394E0 -6.656915754E1
7.225871503E0 -6.552956372E1
7.259324611E0 -6.687357591E1
7.292777720E0 -6.774253631E1
7.326230829E0 -7.021234897E1
7.359683938E0 -7.161779352E1
7.393137047E0 -7.400269438E1
7.426590155E0 -7.758672958E1
7.460043264E0 -8.032397861E1
7.493496373E0 -8.244112126E1
7.526949482E0 -8.578673574E1
7.560402591E0 -8.837172890E1
7.593855699E0 -9.106659024E1
7.627308808E0 -9.307559179E1
7.660761917E0 -9.493732475E1
7.694215026E0 -9.775027868E1
7.727668135E0 -9.768433880E1
7.761121244E0 -9.806609682E1
7.794574352E0 -9.870179466E1
7.828027461E0 -9.928508059E1
7.861480570E0 -9.953934564E1
7.894933679E0 -1.003996044E2
7.928386788E0 -9.757691733E1
7.961839896E0 -9.542177634E1
7.995293005E0 -9.545593288E1
8.028746114E0 -9.374156114E1
8.062199223E0 -9.362935918E1
8.095652332E0 -9.150010783E1
8.129105440E0 -9.164908647E1
8.162558549E0 -8.994480153E1
8.196011658E0 -8.809992807E1
8.229464767E0 -8.569826658E1
8.262917876E0 -8.350912396E1
8.296370984E0 -8.215883436E1
8.329824093E0 -8.215883436E1
8.363277202E0 -8.151808213E1
8.396730311E0 -8.067265014E1
8.430183420E0 -7.973023147E1
8.463636528E0 -7.907015164E1
8.497089637E0 -7.789916241E1
8.530542746E0 -7.793975980E1
8.563995855E0 -7.808079970E1
8.597448964E0 -7.620654007E1
8.630902073E0 -7.607215011E1
8.664355181E0 -7.471576490E1
8.697808290E0 -7.446387135E1
8.731261399E0 -7.317011114E1
8.764714508E0 -6.835189554E1
8.798167617E0 -6.576761454E1
8.831620725E0 -6.507378110E1
8.865073834E0 -6.509152649E1
8.898526943E0 -6.280654531E1
8.931980052E0 -6.200195950E1
8.965433161E0 -6.186288216E1
8.998886269E0 -6.309795766E1
9.032339378E0 -6.537754093E1
9.065792487E0 -6.644426060E1
9.099245596E0 -6.808102704E1
9.132698705E0 -7.302555522E1
9.166151813E0 -6.828051426E1
9.199604922E0 -6.618933593E1
9.233058031E0 -6.595350937E1
9.266511140E0 -6.712171053E1
9.299964249E0 -6.871972724E1
9.333417358E0 -6.934044478E1
9.366870466E0 -6.886461798E1
9.400323575E0 -7.289545748E1
9.433776684E0 -7.531472657E1
9.467229793E0 -7.838042731E1
9.500682902E0 -8.240679177E1
9.534136010E0 -8.653160227E1
9.567589119E0 -8.989583731E1
9.601042228E0 -9.117846079E1
9.634495337E0 -9.451647903E1
9.667948446E0 -9.655053581E1
9.701401554E0 -9.684320170E1
9.734854663E0 -9.909056077E1
9.768307772E0 -9.889265022E1
9.801760881E0 -9.922739291E1
9.835213990E0 -1.005257630E2
9.868667098E0 -1.008554279E2
9.902120207E0 -1.008554279E2
9.935573316E0 -9.926318633E1
9.969026425E0 -9.504796611E1
1.000247953E1 -9.369726932E1
1.003593264E1 -9.330219809E1
1.006938575E1 -9.303161973E1
1.010283886E1 -9.352566831E1
1.013629197E1 -9.380228751E1
1.016974508E1 -9.117957707E1
1.020319819E1 -8.939794278E1
1.023665130E1 -8.526761677E1
1.027010440E1 -8.555372751E1
1.030355751E1 -8.383620726E1
1.033701062E1 -8.298660055E1
1.037046373E1 -8.192487224E1
1.040391684E1 -8.028424055E1
1.043736995E1 -7.944929934E1
1.047082306E1 -7.736909300E1
1.050427617E1 -7.628259194E1
1.053772927E1 -7.674605336E1
1.057118238E1 -7.592616210E1
1.060463549E1 -7.568841666E1
1.063808860E1 -7.565379317E1
1.067154171E1 -7.586467137E1
1.070499482E1 -7.292513391E1
1.073844793E1 -6.986078791E1
1.077190104E1 -6.882106011E1
1.080535415E1 -6.706953850E1
1.083880725E1 -6.431499967E1
1.087226036E1 -6.370054740E1
1.090571347E1 -6.202002021E1
1.093916658E1 -6.119605341E1
1.097261969E1 -6.139448480E1
1.100607280E1 -6.232896574E1
1.103952591E1 -6.383953046E1
1.107297902E1 -6.459590961E1
1.110643212E1 -6.770997030E1
1.113988523E1 -7.255391022E1
1.117333834E1 -6.838853970E1
1.120679145E1 -6.718586731E1
1.124024456E1 -6.587430862E1
1.127369767E1 -6.765096332E1
1.130715078E1 -6.750179449E1
1.134060389E1 -6.874728054E1
1.137405699E1 -7.023329445E1
1.140751010E1 -7.318245138E1
1.144096321E1 -7.580794943E1
1.147441632E1 -7.724712698E1
1.150786943E1 -8.339203102E1
1.154132254E1 -8.685508600E1
1.157477565E1 -9.097001412E1
1.160822876E1 -9.322242705E1
1.164168187E1 -9.527834924E1
1.167513497E1 -9.732413207E1
1.170858808E1 -9.812232283E1
1.174204119E1 -9.832217258E1
1.177549430E1 -9.914329076E1
1.180894741E1 -9.920204486E1
1.184240052E1 -9.927840374E1
1.187585363E1 -9.954001920E1
1.190930674E1 -9.954001920E1
1.194275984E1 -9.815050118E1
1.197621295E1 -9.433964149E1
1.200966606E1 -9.190600796E1
1.204311917E1 -9.148250347E1
1.207657228E1 -9.175151752E1
