0.000000000E0 6.000000000E1
3.345310881E-2 6.000000000E1
6.690621762E-2 6.000000000E1
1.003593264E-1 1.029349531E2
1.338124352E-1 9.172462560E1
1.672655440E-1 9.190992825E1
2.007186528E-1 8.703560838E1
2.341717617E-1 8.142713810E1
2.676248705E-1 8.325234022E1
3.010779793E-1 8.309686375E1
3.345310881E-1 8.309686375E1
3.679841969E-1 8.102829687E1
4.014373057E-1 8.180995589E1
4.348904145E-1 8.648427024E1
4.683435233E-1 8.815359622E1
5.017966321E-1 8.901980677E1
5.352497409E-1 8.879936602E1
5.687028497E-1 8.670413044E1
6.021559585E-1 9.151753917E1
6.356090674E-1 9.478420361E1
6.690621762E-1 9.680131482E1
7.025152850E-1 9.336646066E1
7.359683938E-1 9.133065751E1
7.694215026E-1 9.510216525E1
8.028746114E-1 9.239057156E1
8.363277202E-1 9.805770210E1
8.697808290E-1 1.017996281E2
9.032339378E-1 1.045960642E2
9.366870466E-1 1.081612114E2
9.701401554E-1 1.132182325E2
1.003593264E0 1.236466232E2
1.037046373E0 1.313159826E2
1.070499482E0 1.375148294E2
1.103952591E0 1.516658201E2
1.137405699E0 1.427002804E2
1.170858808E0 1.301849204E2
1.204311917E0 1.275546752E2
1.237765026E0 1.301310030E2
1.271218135E0 1.282314769E2
1.304671244E0 1.279289278E2
1.338124352E0 1.237930975E2
1.371577461E0 1.293088066E2
1.405030570E0 1.281486090E2
1.438483679E0 1.285698745E2
1.471936788E0 1.352932750E2
1.505389896E0 1.385621835E2
1.538843005E0 1.402784368E2
1.572296114E0 1.447672343E2
1.605749223E0 1.466528961E2
1.639202332E0 1.470667439E2
1.672655440E0 1.439461580E2
1.706108549E0 1.401944289E2
1.739561658E0 1.397587684E2
1.773014767E0 1.371643024E2
1.806467876E0 1.372807669E2
1.839920984E0 1.312549384E2
1.873374093E0 1.305376563E2
1.906827202E0 1.240236948E2
1.940280311E0 1.226514410E2
1.973733420E0 1.217611761E2
2.007186528E0 1.133081425E2
2.040639637E0 1.060774897E2
2.074092746E0 1.065098280E2
2.107545855E0 1.059768389E2
2.140998964E0 9.678536236E1
2.174452073E0 9.440550174E1
2.207905181E0 8.903221757E1
2.241358290E0 8.791398981E1
2.274811399E0 8.074427226E1
2.308264508E0 7.977588966E1
2.341717617E0 7.937309255E1
2.375170725E0 8.297667015E1
2.408623834E0 8.188192411E1
2.442076943E0 8.301496669E1
2.475530052E0 8.220948710E1
2.508983161E0 8.184756205E1
2.542436269E0 8.037219039E1
2.575889378E0 8.262337269E1
2.609342487E0 8.571743832E1
2.642795596E0 8.786129307E1
2.676248705E0 8.783892051E1
2.709701813E0 8.835616227E1
2.743154922E0 8.819600488E1
2.776608031E0 9.097823825E1
2.810061140E0 9.042694337E1
2.843514249E0 9.057283253E1
2.876967358E0 9.633149206E1
2.910420466E0 1.004064394E2
2.943873575E0 1.031661590E2
2.977326684E0 1.074105568E2
3.010779793E0 1.157413243E2
3.044232902E0 1.251156529E2
3.077686010E0 1.381295382E2
3.111139119E0 1.520487947E2
3.144592228E0 1.426157763E2
3.178045337E0 1.335627002E2
3.211498446E0 1.295950129E2
3.244951554E0 1.248923805E2
3.278404663E0 1.253740711E2
3.311857772E0 1.233350636E2
3.345310881E0 1.222575157E2
3.378763990E0 1.204674221E2
3.412217098E0 1.223539566E2
3.445670207E0 1.265098616E2
3.479123316E0 1.280165633E2
3.512576425E0 1.335904455E2
3.546029534E0 1.389876308E2
3.579482642E0 1.390679312E2
3.612935751E0 1.386628437E2
3.646388860E0 1.407567289E2
3.679841969E0 1.419578491E2
3.713295078E0 1.377248727E2
3.746748187E0 1.328961517E2
3.780201295E0 1.311927429E2
3.813654404E0 1.303784217E2
3.847107513E0 1.287254315E2
3.880560622E0 1.266798359E2
3.914013731E0 1.230560716E2
3.947466839E0 1.196860006E2
3.980919948E0 1.161237524E2
4.014373057E0 1.128955839E2
4.047826166E0 1.104602817E2
4.081279275E0 1.038481896E2
4.114732383E0 1.040937916E2
4.148185492E0 1.051025673E2
4.181638601E0 9.303105723E1
4.215091710E0 8.950607500E1
4.248544819E0 8.672090549E1
4.281997927E0 8.429344569E1
4.315451036E0 8.195790018E1
4.348904145E0 8.395955188E1
4.382357254E0 8.454031267E1
4.415810363E0 8.505309879E1
4.449263472E0 8.650773563E1
4.482716580E0 8.608757594E1
4.516169689E0 8.720906283E1
4.549622798E0 8.697743558E1
4.583075907E0 8.882564939E1
4.616529016E0 9.055257542E1
4.649982124E0 9.032343567E1
4.683435233E0 9.277727823E1
4.716888342E0 9.437912439E1
4.750341451E0 9.463454304E1
4.783794560E0 9.379718238E1
4.817247668E0 9.587229445E1
4.850700777E0 9.708309578E1
4.884153886E0 1.001332296E2
4.917606995E0 1.059639463E2
4.951060104E0 1.112272686E2
4.984513212E0 1.112078490E2
5.017966321E0 1.208843880E2
5.051419430E0 1.282727851E2
5.084872539E0 1.347435950E2
5.118325648E0 1.511014558E2
5.151778756E0 1.399300850E2
5.185231865E0 1.345888911E2
5.218684974E0 1.300450782E2
5.252138083E0 1.254260949E2
5.285591192E0 1.265799007E2
5.319044301E0 1.250401587E2
5.352497409E0 1.250691603E2
5.385950518E0 1.225770612E2
5.419403627E0 1.234000549E2
5.452856736E0 1.267856235E2
5.486309845E0 1.279487757E2
5.519762953E0 1.344487232E2
5.553216062E0 1.390219262E2
5.586669171E0 1.408444407E2
5.620122280E0 1.363291320E2
5.653575389E0 1.372584204E2
5.687028497E0 1.413453923E2
5.720481606E0 1.370294046E2
5.753934715E0 1.352160990E2
5.787387824E0 1.330406053E2
5.820840933E0 1.315315925E2
5.854294041E0 1.309537675E2
5.887747150E0 1.281277338E2
5.921200259E0 1.279662710E2
5.954653368E0 1.163662713E2
5.988106477E0 1.084976483E2
6.021559585E0 1.085540204E2
6.055012694E0 1.077741260E2
6.088465803E0 1.070148606E2
6.121918912E0 1.070382470E2
6.155372021E0 9.999853548E1
6.188825130E0 9.078747303E1
6.222278238E0 8.776939276E1
6.255731347E0 8.653466914E1
6.289184456E0 8.470485749E1
6.322637565E0 8.393078389E1
6.356090674E0 8.172566442E1
6.389543782E0 7.965043171E1
6.422996891E0 8.206581545E1
6.456450000E0 8.356488047E1
6.489903109E0 8.424970081E1
6.523356218E0 8.636903133E1
6.556809326E0 8.813511896E1
6.590262435E0 9.152897291E1
6.623715544E0 9.218545311E1
6.657168653E0 9.251861470E1
6.690621762E0 9.305128173E1
6.724074870E0 9.525181326E1
6.757527979E0 9.493021051E1
6.790981088E0 9.800661407E1
6.824434197E0 9.670335112E1
6.857887306E0 9.924656917E1
6.891340415E0 1.004531092E2
6.924793523E0 1.044457362E2
6.958246632E0 1.104410378E2
6.991699741E0 1.145362434E2
7.025152850E0 1.195590678E2
7.058605959E0 1.275458903E2
7.092059067E0 1.386242519E2
7.125512176E0 1.522070906E2
7.158965285E0 1.384803168E2
7.192418394E0 1.340403718E2
7.225871503E0 1.294431784E2
7.259324611E0 1.253050764E2
7.292777720E0 1.265192744E2
7.326230829E0 1.262939637E2
7.359683938E0 1.225575244E2
7.393137047E0 1.227576475E2
7.426590155E0 1.262518923E2
7.460043264E0 1.308716183E2
7.493496373E0 1.323178037E2
7.526949482E0 1.353156184E2
7.560402591E0 1.374387583E2
7.593855699E0 1.393185495E2
7.627308808E0 1.393431368E2
7.660761917E0 1.392240956E2
7.694215026E0 1.427970879E2
7.727668135E0 1.386922858E2
7.761121244E0 1.360792968E2
7.794574352E0 1.335057393E2
7.828027461E0 1.339336519E2
7.861480570E0 1.309064871E2
7.894933679E0 1.293832489E2
7.928386788E0 1.229743404E2
7.961839896E0 1.172836798E2
7.995293005E0 1.147362440E2
8.028746114E0 1.105378431E2
8.062199223E0 1.060349839E2
8.095652332E0 1.048481126E2
8.129105440E0 1.053155110E2
8.162558549E0 9.831158289E1
8.196011658E0 9.335510785E1
8.229464767E0 9.028352652E1
8.262917876E0 8.731837853E1
8.296370984E0 8.410927753E1
8.329824093E0 8.481884171E1
8.363277202E0 8.319499485E1
8.396730311E0 8.207215532E1
8.430183420E0 8.431518168E1
8.463636528E0 8.418811177E1
8.497089637E0 8.767362247E1
8.530542746E0 8.928309917E1
8.563995855E0 8.950483409E1
8.597448964E0 9.048456922E1
8.630902073E0 9.186781705E1
8.664355181E0 8.998656054E1
8.697808290E0 9.269555607E1
8.731261399E0 9.443249274E1
8.764714508E0 9.641392656E1
8.798167617E0 9.534767888E1
8.831620725E0 9.660193069E1
8.865073834E0 9.842472954E1
8.898526943E0 9.914901924E1
8.931980052E0 1.043054210E2
8.965433161E0 1.105770204E2
8.998886269E0 1.144946105E2
9.032339378E0 1.219074662E2
9.065792487E0 1.306795813E2
9.099245596E0 1.372950835E2
9.132698705E0 1.502048415E2
9.166151813E0 1.412057839E2
9.199604922E0 1.346871394E2
9.233058031E0 1.285479589E2
9.266511140E0 1.278235618E2
9.299964249E0 1.260046893E2
9.333417358E0 1.250711298E2
9.366870466E0 1.213191886E2
9.400323575E0 1.243727706E2
9.433776684E0 1.244709213E2
9.467229793E0 1.268899113E2
9.500682902E0 1.330729956E2
9.534136010E0 1.357363647E2
9.567589119E0 1.391460082E2
9.601042228E0 1.402071200E2
9.634495337E0 1.426425280E2
9.667948446E0 1.448485503E2
9.701401554E0 1.399115386E2
9.734854663E0 1.411308061E2
9.768307772E0 1.381475239E2
9.801760881E0 1.364715271E2
9.835213990E0 1.354536875E2
9.868667098E0 1.331855221E2
9.902120207E0 1.317028346E2
9.935573316E0 1.256479888E2
9.969026425E0 1.158262026E2
1.000247953E1 1.119001331E2
1.003593264E1 1.102197520E2
1.006938575E1 1.066791575E2
1.010283886E1 1.059789558E2
1.013629197E1 1.065731222E2
1.016974508E1 1.006113334E2
1.020319819E1 9.484592197E1
1.023665130E1 8.880513440E1
1.027010440E1 8.679532458E1
1.030355751E1 8.500265826E1
1.033701062E1 8.286707926E1
1.037046373E1 8.123433149E1
1.040391684E1 8.132541336E1
1.043736995E1 8.337012681E1
1.047082306E1 8.472605288E1
1.050427617E1 8.635250935E1
1.053772927E1 8.705520725E1
1.057118238E1 8.999740282E1
1.060463549E1 9.101863803E1
1.063808860E1 9.240805723E1
1.067154171E1 9.473786074E1
1.070499482E1 9.341193269E1
1.073844793E1 9.316425385E1
1.077190104E1 9.421424418E1
1.080535415E1 9.680440258E1
1.083880725E1 9.592522711E1
1.087226036E1 9.688321237E1
1.090571347E1 9.877743174E1
1.093916658E1 1.032762157E2
1.097261969E1 1.066238721E2
1.100607280E1 1.129492008E2
1.103952591E1 1.230551775E2
1.107297902E1 1.297342258E2
1.110643212E1 1.371768331E2
1.113988523E1 1.497585099E2
1.117333834E1 1.386541249E2
1.120679145E1 1.351229071E2
1.124024456E1 1.309348536E2
1.127369767E1 1.308190540E2
1.130715078E1 1.257942585E2
1.134060389E1 1.212950620E2
1.137405699E1 1.235710685E2
1.140751010E1 1.238976935E2
1.144096321E1 1.246621238E2
1.147441632E1 1.252713423E2
1.150786943E1 1.350871254E2
1.154132254E1 1.359901381E2
1.157477565E1 1.408544734E2
1.160822876E1 1.433989286E2
1.164168187E1 1.437649811E2
1.167513497E1 1.445891176E2
1.170858808E1 1.427743617E2
1.174204119E1 1.400992709E2
1.177549430E1 1.375664169E2
1.180894741E1 1.357052892E2
1.184240052E1 1.300858432E2
1.187585363E1 1.298080066E2
1.190930674E1 1.286913383E2
1.194275984E1 1.257126838E2
1.197621295E1 1.177148619E2
1.200966606E1 1.121186264E2
1.204311917E1 1.108160634E2
1.207657228E1 1.081252660E2
