0.000000000E0 6.000000000E1
3.345310881E-2 6.000000000E1
6.690621762E-2 6.000000000E1
1.003593264E-1 8.181693864E1
1.338124352E-1 8.517314122E1
1.672655440E-1 7.409520721E1
2.007186528E-1 7.035967000E1
2.341717617E-1 6.709879671E1
2.676248705E-1 6.918700818E1
3.010779793E-1 7.159154021E1
3.345310881E-1 7.159154021E1
3.679841969E-1 6.781766317E1
4.014373057E-1 7.257306873E1
4.348904145E-1 6.864527887E1
4.683435233E-1 6.863548407E1
5.017966321E-1 6.802240479E1
5.352497409E-1 6.878967213E1
5.687028497E-1 6.985787146E1
6.021559585E-1 7.496782095E1
6.356090674E-1 7.752489029E1
6.690621762E-1 8.630983781E1
7.025152850E-1 7.995797636E1
7.359683938E-1 9.162654858E1
7.694215026E-1 8.942127443E1
8.028746114E-1 8.058171758E1
8.363277202E-1 9.094695145E1
8.697808290E-1 9.916286964E1
9.032339378E-1 1.030712227E2
9.366870466E-1 1.043536469E2
9.701401554E-1 1.070205256E2
1.003593264E0 1.139017049E2
1.037046373E0 1.136001899E2
1.070499482E0 1.141120195E2
1.103952591E0 1.321162275E2
1.137405699E0 1.295522297E2
1.170858808E0 1.192056428E2
1.204311917E0 1.101706534E2
1.237765026E0 1.137793918E2
1.271218135E0 1.062201937E2
1.304671244E0 1.143168621E2
1.338124352E0 1.087688066E2
1.371577461E0 1.097419713E2
1.405030570E0 9.927260178E1
1.438483679E0 9.805123088E1
1.471936788E0 1.016807128E2
1.505389896E0 9.772182580E1
1.538843005E0 9.928069354E1
1.572296114E0 9.581267337E1
1.605749223E0 1.016528961E2
1.639202332E0 9.991448404E1
1.672655440E0 9.876484283E1
1.706108549E0 9.929330860E1
1.739561658E0 9.775842366E1
1.773014767E0 9.427473548E1
1.806467876E0 9.719174277E1
1.839920984E0 9.552754015E1
1.873374093E0 9.663711539E1
1.906827202E0 8.686448215E1
1.940280311E0 9.894467940E1
1.973733420E0 9.847415624E1
2.007186528E0 9.135139610E1
2.040639637E0 8.754437571E1
2.074092746E0 8.288932672E1
2.107545855E0 8.288932672E1
2.140998964E0 7.445714394E1
2.174452073E0 7.579629350E1
2.207905181E0 7.950576904E1
2.241358290E0 7.869006753E1
2.274811399E0 7.247784016E1
2.308264508E0 7.084348001E1
2.341717617E0 7.150871316E1
2.375170725E0 7.154298888E1
2.408623834E0 7.076636993E1
2.442076943E0 7.492955682E1
2.475530052E0 7.363136360E1
2.508983161E0 7.602243715E1
2.542436269E0 7.213538007E1
2.575889378E0 6.963587869E1
2.609342487E0 7.794981620E1
2.642795596E0 7.262216537E1
2.676248705E0 7.280368585E1
2.709701813E0 7.695968852E1
2.743154922E0 8.168972283E1
2.776608031E0 8.261359339E1
2.810061140E0 8.356919280E1
2.843514249E0 9.206223301E1
2.876967358E0 1.019048686E2
2.910420466E0 9.593989226E1
2.943873575E0 9.965662211E1
2.977326684E0 1.030876660E2
3.010779793E0 1.136218346E2
3.044232902E0 1.145504657E2
3.077686010E0 1.201782298E2
3.111139119E0 1.261949518E2
3.144592228E0 1.233897144E2
3.178045337E0 1.198581839E2
3.211498446E0 1.104363850E2
3.244951554E0 1.074080540E2
3.278404663E0 1.124835905E2
3.311857772E0 1.064483543E2
3.345310881E0 1.014629968E2
3.378763990E0 9.902019378E1
3.412217098E0 9.635947676E1
3.445670207E0 1.018585008E2
3.479123316E0 9.465772857E1
3.512576425E0 9.443250152E1
3.546029534E0 9.686327918E1
3.579482642E0 9.434823472E1
3.612935751E0 8.751285665E1
3.646388860E0 9.343363036E1
3.679841969E0 9.434576914E1
3.713295078E0 9.542791876E1
3.746748187E0 9.028280017E1
3.780201295E0 8.532121386E1
3.813654404E0 9.201885101E1
3.847107513E0 9.164044048E1
3.880560622E0 9.012832180E1
3.914013731E0 9.072094223E1
3.947466839E0 9.183177676E1
3.980919948E0 8.973772992E1
4.014373057E0 8.385563471E1
4.047826166E0 8.462900530E1
4.081279275E0 7.582626909E1
4.114732383E0 7.339041567E1
4.148185492E0 6.663988796E1
4.181638601E0 6.666703089E1
4.215091710E0 6.021928365E1
4.248544819E0 6.558294340E1
4.281997927E0 6.542375400E1
4.315451036E0 6.967580471E1
4.348904145E0 7.029691323E1
4.382357254E0 7.110890112E1
4.415810363E0 6.737099574E1
4.449263472E0 6.588671650E1
4.482716580E0 6.699778538E1
4.516169689E0 6.490576857E1
4.549622798E0 6.376401516E1
4.583075907E0 6.372733385E1
4.616529016E0 6.556049092E1
4.649982124E0 6.797392184E1
4.683435233E0 6.882954364E1
4.716888342E0 7.561743878E1
4.750341451E0 7.879146092E1
4.783794560E0 7.699815745E1
4.817247668E0 8.276945910E1
4.850700777E0 8.759476855E1
4.884153886E0 9.253750738E1
4.917606995E0 9.681803768E1
4.951060104E0 1.006344508E2
4.984513212E0 9.724124954E1
5.017966321E0 1.047609119E2
5.051419430E0 1.066975792E2
5.084872539E0 1.122069322E2
5.118325648E0 1.226862411E2
5.151778756E0 1.136771683E2
5.185231865E0 1.168031569E2
5.218684974E0 1.185552141E2
5.252138083E0 1.139028674E2
5.285591192E0 1.054463164E2
5.319044301E0 1.112735668E2
5.352497409E0 1.034730394E2
5.385950518E0 1.009098288E2
5.419403627E0 9.375284955E1
5.452856736E0 9.800867190E1
5.486309845E0 9.274522125E1
5.519762953E0 9.446582026E1
5.553216062E0 9.018000065E1
5.586669171E0 9.315334109E1
5.620122280E0 9.231840947E1
5.653575389E0 9.404315100E1
5.687028497E0 9.555579499E1
5.720481606E0 9.068041052E1
5.753934715E0 8.962632385E1
5.787387824E0 8.934995434E1
5.820840933E0 8.887003984E1
5.854294041E0 9.063314131E1
5.887747150E0 8.953900942E1
5.921200259E0 9.439339577E1
5.954653368E0 9.121585051E1
5.988106477E0 8.456106187E1
6.021559585E0 8.287073101E1
6.055012694E0 8.346133199E1
6.088465803E0 7.535382682E1
6.121918912E0 7.353330248E1
6.155372021E0 6.481815438E1
6.188825130E0 6.303213341E1
6.222278238E0 6.508616824E1
6.255731347E0 6.968300737E1
6.289184456E0 6.762247570E1
6.322637565E0 6.871886277E1
6.356090674E0 6.908196772E1
6.389543782E0 6.142762086E1
6.422996891E0 6.039870581E1
6.456450000E0 6.178435898E1
6.489903109E0 6.357688688E1
6.523356218E0 6.207342167E1
6.556809326E0 6.287449011E1
6.590262435E0 6.331934542E1
6.623715544E0 6.457429011E1
6.657168653E0 6.558736469E1
6.690621762E0 7.026524321E1
6.724074870E0 7.083409972E1
6.757527979E0 7.531564067E1
6.790981088E0 8.157787276E1
6.824434197E0 8.180818558E1
6.857887306E0 8.570521674E1
6.891340415E0 9.212410656E1
6.924793523E0 9.393884207E1
6.958246632E0 9.770398579E1
6.991699741E0 9.884073636E1
7.025152850E0 1.060767168E2
7.058605959E0 1.117013740E2
7.092059067E0 1.142126833E2
7.125512176E0 1.217233952E2
7.158965285E0 1.137017238E2
7.192418394E0 1.197048982E2
7.225871503E0 1.136737816E2
7.259324611E0 1.078312059E2
7.292777720E0 1.058400533E2
7.326230829E0 1.014163938E2
7.359683938E0 9.560534546E1
7.393137047E0 8.926840013E1
7.426590155E0 9.279303094E1
7.460043264E0 9.332374142E1
7.493496373E0 1.017730259E2
7.526949482E0 8.992067533E1
7.560402591E0 8.761712314E1
7.593855699E0 9.235963904E1
7.627308808E0 9.218217378E1
7.660761917E0 9.059642118E1
7.694215026E0 9.254994901E1
7.727668135E0 8.973777858E1
7.761121244E0 8.815924658E1
7.794574352E0 9.062608767E1
7.828027461E0 9.331463815E1
7.861480570E0 9.644393907E1
7.894933679E0 8.971664446E1
7.928386788E0 9.067990218E1
7.961839896E0 8.828238834E1
7.995293005E0 8.924249747E1
8.028746114E0 8.311245041E1
8.062199223E0 7.787655200E1
8.095652332E0 7.310989866E1
8.129105440E0 7.199248600E1
8.162558549E0 6.963036180E1
8.196011658E0 6.851550274E1
8.229464767E0 6.393606531E1
8.262917876E0 6.651361196E1
8.296370984E0 7.088605290E1
8.329824093E0 7.258268767E1
8.363277202E0 7.146260435E1
8.396730311E0 6.276497807E1
8.430183420E0 6.300705701E1
8.463636528E0 6.919591045E1
8.497089637E0 7.808513261E1
8.530542746E0 7.199514049E1
8.563995855E0 7.025691779E1
8.597448964E0 7.188428676E1
8.630902073E0 6.560890109E1
8.664355181E0 6.701353654E1
8.697808290E0 7.192325007E1
8.731261399E0 7.691752805E1
8.764714508E0 8.211173903E1
8.798167617E0 7.678194021E1
8.831620725E0 8.462735039E1
8.865073834E0 8.387134634E1
8.898526943E0 9.642078648E1
8.931980052E0 9.274323904E1
8.965433161E0 1.013027059E2
8.998886269E0 1.061603500E2
9.032339378E0 1.101385049E2
9.065792487E0 1.103358328E2
9.099245596E0 1.156066610E2
9.132698705E0 1.209568890E2
9.166151813E0 1.214486020E2
9.199604922E0 1.246767866E2
9.233058031E0 1.159628819E2
9.266511140E0 1.129396701E2
9.299964249E0 1.045247860E2
9.333417358E0 1.114593384E2
9.366870466E0 1.011225187E2
9.400323575E0 1.011672285E2
9.433776684E0 9.438177731E1
9.467229793E0 9.423976671E1
9.500682902E0 1.010063090E2
9.534136010E0 9.193428811E1
9.567589119E0 9.649946331E1
9.601042228E0 9.328755358E1
9.634495337E0 9.421056042E1
9.667948446E0 9.196541099E1
9.701401554E0 8.526749560E1
9.734854663E0 8.832998622E1
9.768307772E0 9.286485164E1
9.801760881E0 9.087018196E1
9.835213990E0 9.210202406E1
9.868667098E0 9.057061413E1
9.902120207E0 9.308335752E1
9.935573316E0 9.593525482E1
9.969026425E0 9.298674456E1
1.000247953E1 9.112172614E1
1.003593264E1 8.729113924E1
1.006938575E1 8.276239076E1
1.010283886E1 8.182365207E1
1.013629197E1 7.625821426E1
1.016974508E1 7.178354385E1
1.020319819E1 6.807782370E1
1.023665130E1 6.728414058E1
1.027010440E1 6.863322184E1
1.030355751E1 6.993913737E1
1.033701062E1 6.786834047E1
1.037046373E1 6.375503365E1
1.040391684E1 6.840411012E1
1.043736995E1 6.796643709E1
1.047082306E1 6.937685901E1
1.050427617E1 6.934830917E1
1.053772927E1 6.669050111E1
1.057118238E1 6.700952400E1
1.060463549E1 6.782991094E1
1.063808860E1 6.457587484E1
1.067154171E1 7.335472987E1
1.070499482E1 8.002904018E1
1.073844793E1 7.742177153E1
1.077190104E1 7.720315677E1
1.080535415E1 8.695287556E1
1.083880725E1 8.580967646E1
1.087226036E1 8.408032019E1
1.090571347E1 9.515558432E1
1.093916658E1 9.516044015E1
1.097261969E1 9.781574967E1
1.100607280E1 1.032898581E2
1.103952591E1 1.118381107E2
1.107297902E1 1.131203639E2
1.110643212E1 1.172344883E2
1.113988523E1 1.197272672E2
1.117333834E1 1.145940133E2
1.120679145E1 1.150744193E2
1.124024456E1 1.159558091E2
1.127369767E1 1.179675233E2
1.130715078E1 1.074208108E2
1.134060389E1 1.009915212E2
1.137405699E1 1.056678354E2
1.140751010E1 9.190858860E1
1.144096321E1 9.214322480E1
1.147441632E1 9.384734716E1
1.150786943E1 9.610334321E1
1.154132254E1 9.064293249E1
1.157477565E1 8.966805198E1
1.160822876E1 9.031079091E1
1.164168187E1 9.446522887E1
1.167513497E1 9.557987911E1
1.170858808E1 9.200027222E1
1.174204119E1 8.979257088E1
1.177549430E1 9.318779118E1
1.180894741E1 9.643585263E1
1.184240052E1 9.295537954E1
1.187585363E1 9.011275621E1
1.190930674E1 9.227566923E1
1.194275984E1 9.553707078E1
1.197621295E1 9.378575157E1
1.200966606E1 8.871239818E1
1.204311917E1 8.284227780E1
1.207657228E1 7.939674071E1
