0.000000000E0 6.000000000E1
3.345310881E-2 6.000000000E1
6.690621762E-2 6.000000000E1
1.003593264E-1 -1.744126543E2
1.338124352E-1 1.562264963E2
1.672655440E-1 1.745572478E2
2.007186528E-1 -1.730884609E2
2.341717617E-1 1.792214424E2
2.676248705E-1 -1.773183260E2
3.010779793E-1 1.779687977E2
3.345310881E-1 1.690551415E2
3.679841969E-1 1.726423596E2
4.014373057E-1 1.747965777E2
4.348904145E-1 1.780320172E2
4.683435233E-1 1.766905817E2
5.017966321E-1 1.741052863E2
5.352497409E-1 1.713245276E2
5.687028497E-1 1.626681457E2
6.021559585E-1 1.597219073E2
6.356090674E-1 1.619472601E2
6.690621762E-1 1.510048672E2
7.025152850E-1 1.573979295E2
7.359683938E-1 1.482059438E2
7.694215026E-1 1.569220180E2
8.028746114E-1 1.659875665E2
8.363277202E-1 1.587548135E2
8.697808290E-1 1.528608516E2
9.032339378E-1 1.515931932E2
9.366870466E-1 1.510612550E2
9.701401554E-1 1.446366367E2
1.003593264E0 1.337310216E2
1.037046373E0 1.434586456E2
1.070499482E0 1.468686786E2
1.103952591E0 1.306491078E2
1.137405699E0 1.264326020E2
1.170858808E0 1.360261402E2
1.204311917E0 1.404311294E2
1.237765026E0 1.386763370E2
1.271218135E0 1.415757553E2
1.304671244E0 1.299134297E2
1.338124352E0 1.272454592E2
1.371577461E0 1.283816054E2
1.405030570E0 1.338974676E2
1.438483679E0 1.350373052E2
1.471936788E0 1.324628014E2
1.505389896E0 1.418847740E2
1.538843005E0 1.401395736E2
1.572296114E0 1.427658050E2
1.605749223E0 1.360579778E2
1.639202332E0 1.389215113E2
1.672655440E0 1.429036886E2
1.706108549E0 1.394743541E2
1.739561658E0 1.459492595E2
1.773014767E0 1.570261672E2
1.806467876E0 1.641734367E2
1.839920984E0 1.601536441E2
1.873374093E0 1.612667670E2
1.906827202E0 -1.725233001E2
1.940280311E0 1.742045392E2
1.973733420E0 1.732650944E2
2.007186528E0 1.728123060E2
2.040639637E0 1.747334107E2
2.074092746E0 -1.774074751E2
2.107545855E0 -1.799697892E2
2.140998964E0 -1.642342965E2
2.174452073E0 -1.656306747E2
2.207905181E0 1.797833861E2
2.241358290E0 -1.790070707E2
2.274811399E0 1.685487136E2
2.308264508E0 1.795047365E2
2.341717617E0 1.730281091E2
2.375170725E0 1.648944397E2
2.408623834E0 1.721931138E2
2.442076943E0 1.611535980E2
2.475530052E0 1.669628384E2
2.508983161E0 1.627647307E2
2.542436269E0 1.608869120E2
2.575889378E0 1.644957238E2
2.609342487E0 1.643553616E2
2.642795596E0 1.584151920E2
2.676248705E0 1.737638742E2
2.709701813E0 1.731982357E2
2.743154922E0 1.586236853E2
2.776608031E0 1.658572670E2
2.810061140E0 1.684259562E2
2.843514249E0 1.574321700E2
2.876967358E0 1.489859937E2
2.910420466E0 1.574969831E2
2.943873575E0 1.579631305E2
2.977326684E0 1.508996353E2
3.010779793E0 1.451417833E2
3.044232902E0 1.502193030E2
3.077686010E0 1.380698626E2
3.111139119E0 1.433147541E2
3.144592228E0 1.482980505E2
3.178045337E0 1.421911092E2
3.211498446E0 1.504216102E2
3.244951554E0 1.515204824E2
3.278404663E0 1.434769921E2
3.311857772E0 1.494750473E2
3.345310881E0 1.408781736E2
3.378763990E0 1.408796247E2
3.412217098E0 1.469777449E2
3.445670207E0 1.392694502E2
3.479123316E0 1.368240269E2
3.512576425E0 1.506625007E2
3.546029534E0 1.445286751E2
3.579482642E0 1.470349868E2
3.612935751E0 1.542245335E2
3.646388860E0 1.476042713E2
3.679841969E0 1.545291848E2
3.713295078E0 1.444055723E2
3.746748187E0 1.519667160E2
3.780201295E0 1.648215303E2
3.813654404E0 1.607510508E2
3.847107513E0 1.646370436E2
3.880560622E0 1.676827225E2
3.914013731E0 1.619653470E2
3.947466839E0 1.683145951E2
3.980919948E0 1.728521801E2
4.014373057E0 -1.791958143E2
4.047826166E0 1.770018793E2
4.081279275E0 1.796218338E2
4.114732383E0 -1.767985899E2
4.148185492E0 -1.595053436E2
4.181638601E0 -1.664976460E2
4.215091710E0 -1.583780315E2
4.248544819E0 -1.719969464E2
4.281997927E0 -1.744483748E2
4.315451036E0 -1.796708452E2
4.348904145E0 1.745811405E2
4.382357254E0 1.718903726E2
4.415810363E0 1.799310734E2
4.449263472E0 1.797548024E2
4.482716580E0 1.757287349E2
4.516169689E0 -1.791405817E2
4.549622798E0 -1.795615776E2
4.583075907E0 1.779018222E2
4.616529016E0 1.771874170E2
4.649982124E0 1.754223708E2
4.683435233E0 1.735737320E2
4.716888342E0 1.697415684E2
4.750341451E0 1.678946571E2
4.783794560E0 1.726318462E2
4.817247668E0 1.706349065E2
4.850700777E0 1.746398298E2
4.884153886E0 1.683420524E2
4.917606995E0 1.654083966E2
4.951060104E0 1.595480326E2
4.984513212E0 1.645720300E2
5.017966321E0 1.650978349E2
5.051419430E0 1.628037038E2
5.084872539E0 1.581000597E2
5.118325648E0 1.589152490E2
5.151778756E0 1.559036632E2
5.185231865E0 1.472499972E2
5.218684974E0 1.412088078E2
5.252138083E0 1.431698117E2
5.285591192E0 1.481341956E2
5.319044301E0 1.367210342E2
5.352497409E0 1.448268068E2
5.385950518E0 1.419805996E2
5.419403627E0 1.495201958E2
5.452856736E0 1.459108626E2
5.486309845E0 1.475932458E2
5.519762953E0 1.469812700E2
5.553216062E0 1.529517686E2
5.586669171E0 1.488467685E2
5.620122280E0 1.436665078E2
5.653575389E0 1.450174556E2
5.687028497E0 1.459954118E2
5.720481606E0 1.542658290E2
5.753934715E0 1.563038390E2
5.787387824E0 1.550059438E2
5.820840933E0 1.588041664E2
5.854294041E0 1.650300689E2
5.887747150E0 1.684486552E2
5.921200259E0 1.653069679E2
5.954653368E0 1.684586426E2
5.988106477E0 1.757554498E2
6.021559585E0 1.777570765E2
6.055012694E0 1.773314299E2
6.088465803E0 -1.695185426E2
6.121918912E0 -1.682408136E2
6.155372021E0 -1.581966358E2
6.188825130E0 -1.648003744E2
6.222278238E0 -1.702646361E2
6.255731347E0 -1.781263446E2
6.289184456E0 -1.738633612E2
6.322637565E0 1.767807489E2
6.356090674E0 1.748107383E2
6.389543782E0 -1.741575295E2
6.422996891E0 -1.705572007E2
6.456450000E0 -1.764978221E2
6.489903109E0 -1.771357187E2
6.523356218E0 -1.764187278E2
6.556809326E0 -1.791704303E2
6.590262435E0 1.799693103E2
6.623715544E0 1.738254981E2
6.657168653E0 -1.767447463E2
6.690621762E0 1.723545056E2
6.724074870E0 1.787019508E2
6.757527979E0 1.645272959E2
6.790981088E0 1.635114238E2
6.824434197E0 1.740710578E2
6.857887306E0 1.691590472E2
6.891340415E0 1.668758218E2
6.924793523E0 1.667221604E2
6.958246632E0 1.630388132E2
6.991699741E0 1.582498160E2
7.025152850E0 1.537268681E2
7.058605959E0 1.459071038E2
7.092059067E0 1.462273227E2
7.125512176E0 1.468494055E2
7.158965285E0 1.534796714E2
7.192418394E0 1.409265894E2
7.225871503E0 1.445360665E2
7.259324611E0 1.457731012E2
7.292777720E0 1.464315531E2
7.326230829E0 1.495722950E2
7.359683938E0 1.457694891E2
7.393137047E0 1.538780080E2
7.426590155E0 1.518131477E2
7.460043264E0 1.488345207E2
7.493496373E0 1.363697552E2
7.526949482E0 1.518684477E2
7.560402591E0 1.531316751E2
7.593855699E0 1.470872451E2
7.627308808E0 1.497132520E2
7.660761917E0 1.533059701E2
7.694215026E0 1.521119596E2
7.727668135E0 1.557199958E2
7.761121244E0 1.582835523E2
7.794574352E0 1.597386432E2
7.828027461E0 1.605457668E2
7.861480570E0 1.591994339E2
7.894933679E0 1.652751569E2
7.928386788E0 1.697556043E2
7.961839896E0 1.732005403E2
7.995293005E0 1.723625987E2
8.028746114E0 -1.788448029E2
8.062199223E0 -1.763471634E2
8.095652332E0 -1.719374204E2
8.129105440E0 -1.686942357E2
8.162558549E0 -1.733637768E2
8.196011658E0 -1.686843456E2
8.229464767E0 -1.657156838E2
8.262917876E0 -1.725501662E2
8.296370984E0 1.780586101E2
8.329824093E0 1.709206730E2
8.363277202E0 1.770648016E2
8.396730311E0 -1.772617336E2
8.430183420E0 -1.773269774E2
8.463636528E0 1.726432656E2
8.497089637E0 1.653119361E2
8.530542746E0 1.725376822E2
8.563995855E0 1.692082097E2
8.597448964E0 1.611425433E2
8.630902073E0 1.725564151E2
8.664355181E0 1.719717184E2
8.697808290E0 1.707278794E2
8.731261399E0 1.604280117E2
8.764714508E0 1.639655829E2
8.798167617E0 1.785274337E2
8.831620725E0 1.699533830E2
8.865073834E0 1.720875741E2
8.898526943E0 1.547345499E2
8.931980052E0 1.654548506E2
8.965433161E0 1.562747322E2
8.998886269E0 1.482695536E2
9.032339378E0 1.496643244E2
9.065792487E0 1.557234549E2
9.099245596E0 1.528286742E2
9.132698705E0 1.522008630E2
9.166151813E0 1.429126952E2
9.199604922E0 1.378176437E2
9.233058031E0 1.389179838E2
9.266511140E0 1.382198450E2
9.299964249E0 1.421429869E2
9.333417358E0 1.350736834E2
9.366870466E0 1.409820802E2
9.400323575E0 1.395396851E2
9.433776684E0 1.445418602E2
9.467229793E0 1.430679726E2
9.500682902E0 1.374966041E2
9.534136010E0 1.446815600E2
9.567589119E0 1.400320512E2
9.601042228E0 1.466446405E2
9.634495337E0 1.478601121E2
9.667948446E0 1.589554148E2
9.701401554E0 1.677111755E2
9.734854663E0 1.643016224E2
9.768307772E0 1.581644874E2
9.801760881E0 1.689947199E2
9.835213990E0 1.690508112E2
9.868667098E0 1.689346465E2
9.902120207E0 1.657852648E2
9.935573316E0 1.620972744E2
9.969026425E0 1.615934598E2
1.000247953E1 1.629243603E2
1.003593264E1 1.690986249E2
1.006938575E1 1.732760910E2
1.010283886E1 1.741762649E2
1.013629197E1 -1.771554356E2
1.016974508E1 -1.758988265E2
1.020319819E1 -1.728867043E2
1.023665130E1 -1.732635994E2
1.027010440E1 -1.774184903E2
1.030355751E1 1.757989158E2
1.033701062E1 1.766028244E2
1.037046373E1 1.787348162E2
1.040391684E1 1.723336737E2
1.043736995E1 1.764224165E2
1.047082306E1 1.775908442E2
1.050427617E1 1.779524320E2
1.053772927E1 1.761922986E2
1.057118238E1 1.776599944E2
1.060463549E1 1.740454201E2
1.063808860E1 1.789818939E2
1.067154171E1 1.686346124E2
1.070499482E1 1.568665457E2
1.073844793E1 1.645252705E2
1.077190104E1 1.664063238E2
1.080535415E1 1.580713235E2
1.083880725E1 1.654864870E2
1.087226036E1 1.739634915E2
1.090571347E1 1.545379889E2
1.093916658E1 1.581619267E2
1.097261969E1 1.482657167E2
1.100607280E1 1.525986687E2
1.103952591E1 1.459889885E2
1.107297902E1 1.501009768E2
1.110643212E1 1.467553622E2
1.113988523E1 1.512527161E2
1.117333834E1 1.510217294E2
1.120679145E1 1.482055761E2
1.124024456E1 1.399491813E2
1.127369767E1 1.369023714E2
1.130715078E1 1.427268795E2
1.134060389E1 1.425877534E2
1.137405699E1 1.382728261E2
1.140751010E1 1.545098120E2
1.144096321E1 1.430253774E2
1.147441632E1 1.408740351E2
1.150786943E1 1.405444600E2
1.154132254E1 1.431135800E2
1.157477565E1 1.508859069E2
1.160822876E1 1.483450170E2
1.164168187E1 1.454693943E2
1.167513497E1 1.477851527E2
1.170858808E1 1.567309295E2
1.174204119E1 1.546730529E2
1.177549430E1 1.539426562E2
1.180894741E1 1.534825275E2
1.184240052E1 1.590928361E2
1.187585363E1 1.600410333E2
1.190930674E1 1.585211260E2
1.194275984E1 1.558167950E2
1.197621295E1 1.564370922E2
1.200966606E1 1.628049968E2
1.204311917E1 1.758338276E2
1.207657228E1 1.730379425E2
